image_00000 202 191 221 211
image_00001 202 189 223 212
image_00002 202 188 222 213
image_00003 202 188 222 214
image_00004 202 188 223 214
image_00005 201 187 223 214
image_00006 201 187 223 214
image_00007 201 186 224 215
image_00008 201 185 225 214
image_00009 201 185 227 214
image_00010 199 185 225 215
image_00011 199 185 227 214
image_00012 199 185 226 216
image_00013 200 184 227 216
image_00014 198 183 226 217
image_00015 200 176 232 216
image_00016 199 175 233 216
image_00017 198 174 234 216
image_00018 198 176 237 219
image_00019 197 176 237 218
image_00020 197 176 239 218
image_00021 197 175 241 218
image_00022 197 176 241 219
image_00023 197 175 243 217
image_00024 198 177 243 219
image_00025 197 179 247 219
image_00026 203 178 244 218
image_00027 207 177 244 220
image_00028 207 175 245 218
image_00029 212 175 245 220
image_00030 213 176 243 219
image_00031 213 174 245 220
image_00032 213 174 243 221
image_00033 215 174 241 221
image_00034 214 174 244 219
image_00035 214 172 244 222
image_00036 214 171 244 221
image_00037 216 171 243 220
image_00038 215 170 245 220
image_00039 214 171 246 223
image_00040 212 173 242 221
image_00041 216 172 242 221
image_00042 215 170 250 221
image_00043 216 169 252 218
image_00044 214 169 250 218
image_00045 221 170 253 201
image_00046 223 168 251 198
image_00047 224 168 252 197
image_00048 225 167 253 197
image_00049 227 169 252 197
image_00050 226 166 255 197
image_00051 225 169 253 193
image_00052 229 170 251 193
image_00053 228 169 252 194
image_00054 231 170 252 193
image_00055 229 169 254 193
image_00056 228 169 252 189
image_00057 229 169 253 191
image_00058 230 169 252 189
image_00059 230 170 254 190
image_00060 231 169 251 189
image_00061 231 169 250 189
image_00062 232 170 252 190
image_00063 229 169 250 190
